100111011011110011001000111110000111001111110001111110001100001011001111
011111000110111001000111011110111000111100100110001111101101001111100111
010111001100011010110010010101100000100011101100010101000111011000101001
000111110111000100010110111010011111000011101110000110000111111010010011
010011001101000011111000000101010111011000010011000000000000110010000111
000011111000011101110011100100111111110011110110000000110000101000011101
011101110100111001111101000011010011010000000010010100101000001101010111
110001011010110001011110010011110110011011111110110010101101011001110110
110011001110111111101110110010011011001001001100111110101110111110100110
001101001000100111010010101010111100101010101111000010110000000001000011
101111001011110110110101110011101011111100001101011000100111000110011010
110001010111101100110111110101110011111100010001110111101011011101001111
110001011111110111000110000000110110010001111010000010000010101111111111
100011000110001110100110010100111000010100111011101001001011100001001010
101110001110100101010001000010010110010010011010001100110001101000000111
010100101101001101001011101100110111100010100101000110100000110000101111
101110001101011101101010111000101000100101100011010011001110100001100100
001101011101110101010101101101100011011010010000101001101110111100111111
000100100111000111001101001001111001000101110101001110000110010011010010
100110011001101101101000101010101011110100111110011011101000001000100001
001100011101001010010110010100100001011010001101001001110000100110100000
101111100110010000100101000110111010000100100111000111101000110001101000
100101010010111101001001101010110100100111101001010000101001100110100011
110010011010000000010000100111001011111110100101110011100110111100101001
110000110100001101111111001111111111111000001110001010100010101000000010
010100010110000100101101111001110010011101111001110011001010110110100001
101001110110010100111111010000010000010100101100110100010110001101011110
101111010010110100000000111100011001011101111100000110100011100010111010
000010111101111010000011000110011011100001001001101111100110110101110010
100110011001011000111111000101001011011110101101101010101101010110000110
001001011010000000001110011001000010010100110010010100100000011101101111
101001110101110110011111001000101101100001000000101011010010101000101100
000101011011011101000010111111111100101101010001101101000100001000001001
001111101000101000100100111001011100011101000111111100100101101000110111
110001110010001010010011000111000001100000111001101001111011100100010100
101110101011001000110001011010110001011100101010000101110111000001011111
000000010000110011001001000010100011001100100000011011000100000100110011
101100111100100101001001101110101001110101011101111011111011011100101111
100111011011111100010000100110101111011101011101001100001110000010001101
000011111101001101111100101100011110001100011000110011010111101011000100
000101100100001101000101101101110101100011010101110101111110010111001010
010100101110110101011011100000110010110110101001011111111001111010101110
110001010101000100011110011000010111001000111000011100011011100111110000
110011110110011001111111101001001100001000110111101000011101010100011100
011110110100001101011110011010100101000001011011001110100111010101000011
011011010101001011111000011100101101101011000100001110010101000001111110
110011110111010001000001110111101000110001011101011100001101001000010110
011001101011000101110000101100001100111111100000110111101110100010001110
100000110101101101111100010001110110101010010111010100100000010001010001
111011001001000100001100010110011010111011010001001010101000101011111011
010100001101110000110111100001010100001110111001111000001100110011110101
100000010011001100101000110110011010111011100100011000110100010101010010
010011010001010000011111110110100011101000101111000110110111110001000010
101000000100000010001010000100101000010000011111001111111111100110110100
010001100000011101101110101000110101101111011110000000011011110101001110
011011101110101011011011111110010000000011011001100010011000001100111111
000010110011101110100110100001010001100111000011001110010011000101110000
100000010010110010000100010110011100100001010101100110010111000110100111
101101000100000000001010001011001111101110110011010100011010110100011010
100111011110111000110110111001010011011101001101100010011101100101100001
101001011100100001110000110110101000110100010110111110111000101111100000
111011001101101110101100000110011010101110000001100000110010000000001100
001011101000100100001110101110101010000011001111000000110111101111000100
111100100000011010001100011110101010111110011001011110100111001000010110
101001000000111010100001101010110100101011011101110110000001010110001010
000011010101110100100110110010010000000100110101000111101011000011101110
011001110110111011011100111011011011000110011101100110110111100000001010
000000100001110000111000001111100011101101111010000011011100011111111011
110100010000010110000100000000010110011100001110001110100100111111000110
001001111000101000001001011001110001101100101100111010110011110101010011
010011101010001111001010100101100101111110011101110000001001010010100000
011011101000011011111001110000101101001010011100100011111110000100011000
101110101111000011011100101110110001000010010101000100011110101000010001
110011000000000110000110111101001111111110111010111100111010011001100101
101100101000010010001011000111001011000110010111100101011010001101111000
011011110010000010101010001010000010001001101100100101101111111110100001
011011111011110100110010001110100111100111110100101101101110101010100001
010000100000010010101001100000100011110100100100110001010010111001010010
100111110000010100011111011101001111000101110001111100110110111110111010
001110110111001101000001100001001011000011001001001110010001001001000011
001110001111011000000011110110011110111011011101111110010101111111011101
010110010010010110010001001100011111111011001111101001000111101110100110
010110001000011111000111100011011010100111000010010100111111000100111010
011100000101010111011111011110110011110001010100111010100001000011101101
101001101110110111110000101001110011111011011000010001001100110001101000
100000100011111011011110001000100010000011100110100101010010111100000011
111001110000110101110101101000100000011111001000010011001100001101111011
011011000111010000001011000000111000000011100110001111000011010111010011
010101111011100111100100100011111110001001110000100101100000010010111101
110110100101010100000010111010100110000110000000110010101010000110011001
110100011110100100100010101001011111100110110011011010100110001010101100
011100110111101010000001000000111010101001000100000000100111000011000100
001010100001000111010110001110000011001010010001100101011011010101100100
111001100101010001111110000110011101000001011110110111010010000101001110
011001101010011100000100001111001101000101010001110011001000010000111000
100111010000111110011010101011110100111001010001100101111110101111000000
101110100101001100101000110000111100100011111101110001101001010100110100
000010000101000111001110000000110001101101011100101011010001111110111001
000111111100010100000101010110000110010000001100011110111010100010011110
111010010010110001100010110000101101001011100000101011111001111011001110
